DROP TABLE IF EXISTS Boxoffice;
CREATE TABLE Boxoffice
(Movie_id INTEGER,
Rating FLOAT,
Dom_sales MONEY,
Inter_sales MONEY
);
  
INSERT INTO Boxoffice(Movie_id,Rating,Dom_sales,	Inter_sales)
VALUES(5,8.2,380843261.0,555900000.0),
(14,7.4,268492764.0,475066843.0),
(8,8.1,206445654.0,417277164.0),
(12,6.4,191452396.0,368400000.0),
(3,7.9,245852179.0,239163000.0),
(6,8.0,261441092.0,370001000.0),
(9,8.5,223808164.0,297503696.0),
(11,8.4,415004880.0,648167031.0),
(1,8.3,191796233.0,170162503.0),
(7,7.2,244082982.0,217900167.0),
(10,8.3,293004164.0,438338580.0),
(4,8.1,289916256.0,272900000.0),
(2,7.2,162798565.0,200600000.0),
(13,7.2,237283207.0,301700000.0);